image_width: 640
image_height: 480
camera_name: narrow_stereo
camera_matrix:
  rows: 3
  cols: 3
  data: [540.385218, 0.000000, 311.342708, 0.000000, 540.425187, 250.924774, 0.000000, 0.000000, 1.000000]
distortion_model: plumb_bob
distortion_coefficients:
  rows: 1
  cols: 5
  data: [-0.013398, -0.021951, 0.001145, -0.002805, 0.000000]
rectification_matrix:
  rows: 3
  cols: 3
  data: [1.000000, 0.000000, 0.000000, 0.000000, 1.000000, 0.000000, 0.000000, 0.000000, 1.000000]
projection_matrix:
  rows: 3
  cols: 4
  data: [535.245483, 0.000000, 309.008645, 0.000000, 0.000000, 537.486633, 250.883529, 0.000000, 0.000000, 0.000000, 1.000000, 0.000000]
